4
10
11
12
17
22
28
33
34
36
40
41
69
83
84
91
92
93
98
99
105
108
111
112
113
114
119
124
127
129
130
134
138
140
143
151
154
155
156
163
164
167
171
177
182
193
195
202
203
204
205
214
218
219
220
221
227
231
241
242
243
244
254
246
253
256
262
265
268
269
272
274
275
276
277
279
280
281
282
283
286
287
290
292
293
294
307
313
317
318
319
321
322
323
329
330
335
337
339
353
357
363
365
369
370
371
372
376
379
382
384
387
388
389
391
392
393
397
400
401
404
405
406
408
409
411
420
423
424
425
429
430
437
443
445
447
450
451
453
454
458
459
466
467
474
481
482
487
488
489
490
493
497
498
